//////////////////////////////////////////////////////////////////////////////////////																			
// EventItemBag 44																			
//	[ Start  ] 	2007.05.15																	
//	[ Latest ]	2007-07-02 11:05 AM																	
//	[ Author ]	이민정																	
//	[ Version ]	0.0.0.4																	
//	[ Text ]	신규이벤트맵 아이템백(3)																	
//////////////////////////////////////////////////////////////////////////////////////																			
//드롭가능맵 설정																			
0																			
//	MapIndex	Drop Flag	Min Monster Level	Max MonsterLevel															
	0	0	0	1000	//로랜시아														
	1	0	0	1000	//던전														
	2	0	0	1000	//데비아스														
	3	0	0	1000	//노리아														
	4	0	0	1000	//로스트타워														
	5	0	0	1000	//빈공간														
	6	0	0	1000	//경기장(배틀사커)														
	7	0	0	1000	//아틀란스														
	8	0	0	1000	//타르칸														
	9	0	0	1000	//악마의광장														
	10	0	0	1000	//이카루스														
end																			
																			
//드롭젠 및 아이템드롭 확률																			
//이벤트아이템 드롭 확률은 EventItemDropRate/1000																			
//아이템드롭 확률은 ItemDropRate/100. ExItemDropRate/1000																			
1																			
//	EventName	DropZen	EventItemType	EventItemIndex	EventItemLevel	EventItemDropRate	ItemDropRate	ExItemDropRate											
	"IllusionTemple3"	3500	0	0	0	0	1000	0											
end																			
																			
//skill. luck. addtoption 의 값이 1이면 랜덤으로 적용. 0이면 적용안함 																			
2																			
//	type	index	minLevel	maxLevel	skill	luck	addoption	exitemflag											
//2007년 7월 3일 ~ (본서버 기준)																			
//획득확률 : 4000/10000																			
4000																			
	14	3	1	1	0	0	0	0	//큰치료물약										
	14	6	0	0	0	0	0	0	//큰마나물약										
	14	8	0	0	0	0	0	0	//해독물약										
	14	40	0	0	0	0	0	0	//큰복합물약										
	14	36	0	0	0	0	0	0	//중간 SD 회복물약										
end																			
																			
//획득확률 : 4000/10000																			
500																			
	14	20	0	0	0	0	0	0	//사랑의 묘약										
	14	37	0	0	0	0	0	0	//큰 SD 회복물약										
end																			
																			
//획득확률 : 100/10000																			
100																			
	10	21	0	4	0	1	1	0	//그레이트드라곤장갑										
	10	22	0	4	0	1	1	0	//블랙소울장갑										
	10	23	0	4	0	1	1	0	//아스릴장갑										
	10	24	0	4	0	1	1	0	//레드스피릿장갑										
	10	28	0	4	0	1	1	0	//다크마스터장갑										
	11	21	0	4	0	1	1	0	//그레이트드라곤부츠										
	11	22	0	4	0	1	1	0	//블랙소울부츠										
	11	23	0	4	0	1	1	0	//아스릴부츠										
	11	24	0	4	0	1	1	0	//레드스피릿부츠										
	11	28	0	4	0	1	1	0	//다크마스터부츠										
end																			
//획득확률 : 100/10000																			
100																			
	7	21	0	4	0	1	1	0	//그레이트드라곤투구										
	7	22	0	4	0	1	1	0	//블랙소울투구										
	7	23	0	4	0	1	1	0	//아스릴헬멧										
	7	24	0	4	0	1	1	0	//레드스피릿헬멧										
	7	28	0	4	0	1	1	0	//다크마스터헬멧										
	9	21	0	4	0	1	1	0	//그레이트드라곤바지										
	9	22	0	4	0	1	1	0	//블랙소울바지										
	9	23	0	4	0	1	1	0	//아스릴바지										
	9	24	0	4	0	1	1	0	//레드스피릿바지										
	9	28	0	4	0	1	1	0	//다크마스터바지										
end																			
//획득확률 : 100/10000																			
100																			
	8	21	0	4	0	1	1	0	//그레이트드라곤갑옷										
	8	22	0	4	0	1	1	0	//블랙소울갑옷										
	8	23	0	4	0	1	1	0	//아스릴갑옷										
	8	24	0	4	0	1	1	0	//레드스피릿갑옷										
	8	28	0	4	0	1	1	0	//다크마스터갑옷										
end																			
//획득확률 : 20/10000																			
20																			
	10	16	0	0	0	0	0	1	//블랙드라곤장갑										
	10	18	0	0	0	0	0	1	//그랜드소울장갑										
	10	19	0	0	0	0	0	1	//홀리스프릿장갑										
	10	15	0	0	0	0	0	1	//아틀란스장갑										
	10	26	0	0	0	0	0	1	//다크소울장갑										
	11	16	0	0	0	0	0	1	//블랙드라곤부츠										
	11	18	0	0	0	0	0	1	//그랜드소울부츠										
	11	19	0	0	0	0	0	1	//홀리스프릿부츠										
	11	15	0	0	0	0	0	1	//아틀란스부츠										
	11	26	0	0	0	0	0	1	//다크소울부츠										
end																			
//획득확률 : 10/10000																			
10																			
	7	16	0	0	0	0	0	1	//블랙드라곤투구										
	7	18	0	0	0	0	0	1	//그랜드소울투구										
	7	19	0	0	0	0	0	1	//홀리스프릿투구										
	7	26	0	0	0	0	0	1	//다크소울투구										
	9	16	0	0	0	0	0	1	//블랙드라곤바지										
	9	18	0	0	0	0	0	1	//그랜드소울바지										
	9	19	0	0	0	0	0	1	//홀리스프릿바지										
	9	15	0	0	0	0	0	1	//아틀란스바지										
	9	26	0	0	0	0	0	1	//다크소울바지										
end																			
//획득확률 : 10/10000																			
10																			
	8	16	0	0	0	0	0	1	//블랙드라곤갑옷										
	8	18	0	0	0	0	0	1	//그랜드소울갑옷										
	8	19	0	0	0	0	0	1	//홀리스프릿갑옷										
	8	15	0	0	0	0	0	1	//아틀란스갑옷										
	8	26	0	0	0	0	0	1	//다크소울갑옷										
end																			
//획득확률 : 10/10000																			
10																			
	0	24	0	4	1	1	1	0	//데이브레이크										
	0	25	0	4	1	1	1	0	//소드댄서										
	2	15	0	4	1	1	1	0	//샤이닝셉터										
	4	22	0	4	1	1	1	0	//알바트로스보우										
	5	13	0	4	0	1	1	0	//플라티나윙지팡이										
end																			
//획득확률 : 5/10000																			
5																			
	14	13	0	0	0	0	0	0	//축복의보석										
	14	14	0	0	0	0	0	0	//영혼의보석										
	14	16	0	0	0	0	0	0	//생명의보석										
end																			
//획득확률 : 5/10000																			
5																			
	0	16	0	0	1	1	1	1	//파괴의검										
	4	6	0	0	0	1	1	1	//부활의지팡이										
	5	16	0	0	1	1	1	1	//세인트크로스석궁										
	4	8	0	0	0	1	1	1	//파멸의지팡이										
	5	17	0	0	1	1	1	1	//홀리사이트보우										
	2	10	0	0	1	1	1	1	//그레이트셉터										
	6	13	0	0	1	1	1	1	//드라곤방패										
	6	15	0	0	1	1	1	1	//그랜드소울방패										
end																			
//획득확률 : 1/10000																			
1																			
	0	20	0	4	1	1	1	0	//나이트블레이드										
	0	21	0	4	1	1	1	0	//데스블레이드										
	2	12	0	4	1	1	1	0	//그레이트로드셉터										
	4	20	0	4	1	1	1	0	//애로우바이퍼보우										
	5	11	0	4	0	1	1	0	//쿤둔의지팡이										
end																			
end																			
																			
																			
																			
																			
																			
																			
																			
																			
																			
																			
																			
																			
																			
																			
																			
