//////////////////////////////////////////////////////////////////////////////////////																			
// EventItemBag 42																			
//	[ Start  ] 	2007.05.11																	
//	[ Latest ]	2007-07-02 11:05 AM																	
//	[ Author ]	이민정																	
//	[ Version ]	0.0.0.4																	
//	[ Text ]	신규이벤트맵 아이템백(1)																	
//////////////////////////////////////////////////////////////////////////////////////																			
//드롭가능맵 설정																			
0																			
//	MapIndex	Drop Flag	Min Monster Level	Max MonsterLevel															
	0	0	0	1000	//로랜시아														
	1	0	0	1000	//던전														
	2	0	0	1000	//데비아스														
	3	0	0	1000	//노리아														
	4	0	0	1000	//로스트타워														
	5	0	0	1000	//빈공간														
	6	0	0	1000	//경기장(배틀사커)														
	7	0	0	1000	//아틀란스														
	8	0	0	1000	//타르칸														
	9	0	0	1000	//악마의광장														
	10	0	0	1000	//이카루스														
end																			
																			
//드롭젠 및 아이템드롭 확률																			
//이벤트아이템 드롭 확률은 EventItemDropRate/1000																			
//아이템드롭 확률은 ItemDropRate/100. ExItemDropRate/1000																			
1																			
//	EventName	DropZen	EventItemType	EventItemIndex	EventItemLevel	EventItemDropRate	ItemDropRate	ExItemDropRate											
	"IllusionTemple1"	1500	0	0	0	0	1000	0											
end																			
																			
//skill. luck. addtoption 의 값이 1이면 랜덤으로 적용. 0이면 적용안함 																			
2																			
//	type	index	minLevel	maxLevel	skill	luck	addoption	exitemflag											
//2007년 7월 3일 ~ (본서버 기준)																			
//획득확률 : 4000/10000																			
40000																			
	14	3	1	1	0	0	0	0	//큰치료물약										
	14	6	0	0	0	0	0	0	//큰마나물약										
	14	8	0	0	0	0	0	0	//해독물약										
	14	35	0	0	0	0	0	0	//작은 SD 회복물약										
end																			
//획득확률 : 500/10000																			
500																			
	14	20	0	0	0	0	0	0	//사랑의 묘약										
	14	36	0	0	0	0	0	0	//중간 SD 회복물약										
end																			
//획득확률 : 100/10000																			
100																			
	7	34	0	3	0	1	1	0	//애쉬크로우헬멧										
	7	35	0	3	0	1	1	0	//이클립스헬멧										
	7	36	0	3	0	1	1	0	//아이리스헬멧										
	7	38	0	3	0	1	1	0	//글로리어스마스크										
	8	34	0	3	0	1	1	0	//애쉬크로우갑옷										
	8	35	0	3	0	1	1	0	//이클립스갑옷										
	8	36	0	3	0	1	1	0	//아이리스갑옷										
	8	37	0	3	0	1	1	0	//발리언트갑옷										
	8	38	0	3	0	1	1	0	//글로리어스갑옷										
	9	34	0	3	0	1	1	0	//애쉬크로우바지										
	9	35	0	3	0	1	1	0	//이클립스바지										
	9	36	0	3	0	1	1	0	//아이리스바지										
	9	37	0	3	0	1	1	0	//발리언트바지										
	9	38	0	3	0	1	1	0	//글로리어스바지										
end																			
//획득확률 : 100/10000																			
100																			
	2	10	0	3	1	1	1	0	//그레이트셉터										
	3	10	0	3	1	1	1	0	//드라곤스피어										
	4	16	0	3	1	1	1	0	//세인트크로스석궁										
	5	8	0	3	0	1	1	0	//파멸의지팡이										
	0	16	0	3	0	1	1	0	//파괴의검										
	4	17	0	3	0	1	1	0	//홀리사이트보우										
end																			
//획득확률 : 20/10000																			
20																			
	0	5	0	0	1	1	1	1	//블레이드										
	1	3	0	0	1	1	1	1	//토마호크										
	2	8	0	0	1	1	1	1	//베틀셉터										
	4	4	0	0	1	1	1	1	//타이거보우										
	4	12	0	0	1	1	1	1	//서팬트석궁										
	5	2	0	0	0	1	1	1	//독사지팡이										
	5	3	0	0	0	1	1	1	//번개지팡이										
	0	13	0	0	1	1	1	1	//더블블레이드										
	4	5	0	0	1	1	1	1	//실버보우										
	6	8	0	0	1	1	1	1	//타워방패										
	6	5	0	0	1	1	1	1	//드라곤슬레이어방패										
end																			
//획득확률 : 20/10000																			
20																			
      	7	0	0	0	0	1	1	1	//비늘헬멧										
	8	0	0	0	0	1	1	1	//비늘갑옷										
	9	0	0	0	0	1	1	1	//비늘바지										
	10	0	0	0	0	1	1	1	//비늘장갑										
	11	0	0	0	0	1	1	1	//비늘부츠										
	7	11	0	0	0	1	1	1	//실크헬멧										
	8	11	0	0	0	1	1	1	//실크갑옷										
	9	11	0	0	0	1	1	1	//실크바지										
	10	11	0	0	0	1	1	1	//실크장갑										
	11	11	0	0	0	1	1	1	//실크부츠										
	7	4	0	0	0	1	1	1	//뼈헬멧										
	8	4	0	0	0	1	1	1	//뼈갑옷										
	9	4	0	0	0	1	1	1	//뼈바지										
	10	4	0	0	0	1	1	1	//뼈장갑										
	11	4	0	0	0	1	1	1	//뼈부츠										
end																			
//획득확률 : 10/10000																			
10																			
	7	7	0	0	0	1	1	1	//스핑크스마스크										
	8	7	0	0	0	1	1	1	//스핑크스갑옷										
	9	7	0	0	0	1	1	1	//스핑크스바지										
	10	7	0	0	0	1	1	1	//스핑크스장갑										
	11	7	0	0	0	1	1	1	//스핑크스부츠										
	7	8	0	0	0	1	1	1	//황동헬멧										
	8	8	0	0	0	1	1	1	//황동갑옷										
	9	8	0	0	0	1	1	1	//황동바지										
	10	8	0	0	0	1	1	1	//황동장갑										
	11	8	0	0	0	1	1	1	//황동부츠										
	7	9	0	0	0	1	1	1	//철판헬멧										
	8	9	0	0	0	1	1	1	//철판갑옷										
	9	9	0	0	0	1	1	1	//철판바지										
	10	9	0	0	0	1	1	1	//철판장갑										
	11	9	0	0	0	1	1	1	//철판부츠										
	7	12	0	0	0	1	1	1	//바람헬멧										
	8	12	0	0	0	1	1	1	//바람갑옷										
	9	12	0	0	0	1	1	1	//바람바지										
	10	12	0	0	0	1	1	1	//바람장갑										
	11	12	0	0	0	1	1	1	//바람부츠										
end																			
//획득확률 : 5/10000																			
5																			
	14	13	0	0	0	0	0	0	//축복의보석										
	14	14	0	0	0	0	0	0	//영혼의보석										
end																			
end																			
