//=============================================================================================================
//	EventName		DropZen		NA	NA 	NA 	  NA 		ItemDropRate	ExRate
//=============================================================================================================
1	
	"Maya Hand"	        30000000	0	0	 0	  0		   100		 1000
end

//=================================================================================
//Type Index  MinLevel MaxLevel Skill  Luck  AddOption  Exitemflag
//=================================================================================
2
//Arschow Set
	7	34	0	0	0	1	2	2
	8	34	0	0	0	1	2	2
	9	34	0	0	0	1	2	2
	10	34	0	0	0	1	2	2
	11	34	0	0	0	1	2	2

//Eclipse Set
	7	35	0	0	0	1	2	2
	8	35	0	0	0	1	2	2
	9	35	0	0	0	1	2	2
	10	35	0	0	0	1	2	2
	11	35	0	0	0	1	2	2

//Iris Set
	7	36	0	0	0	1	2	2
	8	36	0	0	0	1	2	2
	9	36	0	0	0	1	2	2
	10	36	0	0	0	1	2	2
	11	36	0	0	0	1	2	2

//Valiant Set
	8	37	0	0	0	1	2	2
	9	37	0	0	0	1	2	2
	10	37	0	0	0	1	2	2
	11	37	0	0	0	1	2	2

//Glorious Set
	7	38	0	0	0	1	2	2
	8	38	0	0	0	1	2	2
	9	38	0	0	0	1	2	2
	10	38	0	0	0	1	2	2
	11	38	0	0	0	1	2	2

//Misc

	12	30	0	0	0	0	0	0	// Bless
	12	31	0	0	0	0	0	0	// Soul
end