//////////////////////////////////////////////////////////////////////////////////////																			
// EventItemBag 43																			
//	[ Start  ] 	2007.05.11																	
//	[ Latest ]	2007-07-02 11:05 AM																	
//	[ Author ]	이민정																	
//	[ Version ]	0.0.0.4																	
//	[ Text ]	신규이벤트맵 아이템백(2)																	
//////////////////////////////////////////////////////////////////////////////////////																			
//드롭가능맵 설정																			
0																			
//	MapIndex	Drop Flag	Min Monster Level	Max MonsterLevel															
	0	0	0	1000	//로랜시아														
	1	0	0	1000	//던전														
	2	0	0	1000	//데비아스														
	3	0	0	1000	//노리아														
	4	0	0	1000	//로스트타워														
	5	0	0	1000	//빈공간														
	6	0	0	1000	//경기장(배틀사커)														
	7	0	0	1000	//아틀란스														
	8	0	0	1000	//타르칸														
	9	0	0	1000	//악마의광장														
	10	0	0	1000	//이카루스														
end																			
																			
//드롭젠 및 아이템드롭 확률																			
//이벤트아이템 드롭 확률은 EventItemDropRate/1000																			
//아이템드롭 확률은 ItemDropRate/100. ExItemDropRate/1000																			
1																			
//	EventName	DropZen	EventItemType	EventItemIndex	EventItemLevel	EventItemDropRate	ItemDropRate	ExItemDropRate											
	"IllusionTemple2"	2500	0	0	0	0	1000	0											
end																			
																			
//skill. luck. addtoption 의 값이 1이면 랜덤으로 적용. 0이면 적용안함 																			
2																			
//	type	index	minLevel	maxLevel	skill	luck	addoption	exitemflag											
//2007년 7월 3일 ~ (본서버 기준)																			
//획득확률 : 4000/10000																			
4000																			
	14	3	1	1	0	0	0	0	//큰치료물약										
	14	6	0	0	0	0	0	0	//큰마나물약										
	14	8	0	0	0	0	0	0	//해독물약										
	14	40	0	0	0	0	0	0	//큰복합물약										
	14	35	0	0	0	0	0	0	//작은 SD 회복물약										
end																			
//획득확률 : 500/10000																			
500																			
	14	20	0	0	0	0	0	0	//사랑의 묘약										
	14	36	0	0	0	0	0	0	//중간 SD 회복물약										
end																			
//획득확률 : 100/10000																			
100																			
	10	16	0	4	0	1	1	0	//블랙드라곤장갑										
	10	17	0	4	0	1	1	0	//다크피닉스장갑										
	10	18	0	4	0	1	1	0	//그랜드소울장갑										
	10	19	0	4	0	1	1	0	//홀리스프릿장갑										
	10	27	0	4	0	1	1	0	//다크브리즌장갑										
	11	16	0	4	0	1	1	0	//블랙드라곤부츠										
	11	17	0	4	0	1	1	0	//다크피닉스부츠										
	11	18	0	4	0	1	1	0	//그랜드소울부츠										
	11	19	0	4	0	1	1	0	//홀리스프릿부츠										
	11	27	0	4	0	1	1	0	//다크브리즌부츠										
end																			
//획득확률 : 100/10000																			
100																			
	7	16	0	4	0	1	1	0	//블랙드라곤투구										
	7	17	0	4	0	1	1	0	//다크피닉스투구										
	7	18	0	4	0	1	1	0	//그랜드소울투구										
	7	19	0	4	0	1	1	0	//홀리스프릿헬멧										
	7	27	0	4	0	1	1	0	//다크브리즌마스크										
	9	16	0	4	0	1	1	0	//블랙드라곤바지										
	9	17	0	4	0	1	1	0	//다크피닉스바지										
	9	18	0	4	0	1	1	0	//그랜드소울바지										
	9	19	0	4	0	1	1	0	//홀리스프릿바지										
	9	27	0	4	0	1	1	0	//다크브리즌바지										
end																			
//획득확률 : 100/10000																			
100																			
	8	16	0	4	0	1	1	0	//블랙드라곤갑옷										
	8	17	0	4	0	1	1	0	//다크피닉스갑옷										
	8	18	0	4	0	1	1	0	//그랜드소울갑옷										
	8	19	0	4	0	1	1	0	//홀리스프릿갑옷										
	8	27	0	4	0	1	1	0	//다크브리즌갑옷										
end																			
//획득확률 : 50/10000																			
50																			
	0	17	0	4	1	1	1	0	//다크브레이커										
	5	9	0	4	0	1	1	0	//드래곤소울지팡이										
	6	15	0	4	1	1	1	0	//그랜드소울방패										
	4	19	0	4	1	1	1	0	//그레이트레인석궁										
	2	11	0	4	1	1	1	0	//로드셉터										
	0	31	0	4	1	1	1	0	//데스브로드										
end																			
//획득확률 : 10/10000																			
10																			
	0	14	0	0	1	1	1	1	//번개검										
	2	5	0	0	1	1	1	1	//크리스탈검										
	2	9	0	0	1	1	1	1	//마스터셉터										
	4	14	0	0	1	1	1	1	//아쿠아골드석궁										
	5	5	0	0	0	1	1	1	//전설의지팡이										
	4	13	0	0	1	1	1	1	//블루윙석궁										
	6	14	0	0	1	1	1	1	//전설의방패										
	6	11	0	0	1	1	1	1	//서펜트방패										
end																			
//획득확률 : 20/10000																			
20																			
	10	1	0	0	0	1	1	1	//드라곤장갑										
	10	3	0	0	0	1	1	1	//전설장갑										
	10	14	0	0	0	1	1	1	//수호장갑										
	11	1	0	0	0	1	1	1	//드라곤부츠										
	11	3	0	0	0	1	1	1	//전설부츠										
	11	14	0	0	0	1	1	1	//수호부츠										
end																			
//획득확률 : 20/10000																			
20																			
	7	1	0	0	0	1	1	1	//드라곤투구										
	7	3	0	0	0	1	1	1	//전설투구										
	7	14	0	0	0	1	1	1	//수호투구										
	9	1	0	0	0	1	1	1	//드라곤바지										
	9	3	0	0	0	1	1	1	//전설바지										
	9	14	0	0	0	1	1	1	//수호바지										
end																			
//획득확률 : 20/10000																			
20																			
	8	1	0	0	0	1	1	1	//드라곤갑옷										
	8	3	0	0	0	1	1	1	//전설갑옷										
	8	14	0	0	0	1	1	1	//수호갑옷										
end																			
//획득확률 : 5/10000																			
5																			
	14	13	0	0	0	0	0	0	//축복의보석										
	14	14	0	0	0	0	0	0	//영혼의보석										
end																			
end																			
