//=====================================================================================
// Map Drop
//=====================================================================================
0
//    Map ID   Drop   Minimal DropRate
	0	0	0	1000	// Lorencia
	1	0	0	1000	// Dungeon
	2	0	0	1000	// Devias
	3	0	0	1000	// Noria
	4	0	0	1000	// Lost Tower
	5	0	0	1000	// Exile
	6	0	0	1000	// Arena
	7	0	0	1000	// Atlans
	8	0	0	1000	// Tarkan
	9	0	0	1000	// Devil Square
	10	0	0	1000	// Icarus
end

//=====================================================================================
// Drop Options
//=====================================================================================
1
//        Name         ZenAmount    ItemType  Index   ItemLvl DropRate NormDrop ExcDrop
     "Moon Harvest1"	30000		0	0	 0	 0	 100	  0
end

//=====================================================================================
// Item Drops                        
//=====================================================================================
2
//  ItemType  Index  MinLvl MaxLvl    Skill    Luck   Option  Excellent

2300
	5	2	0	0	1	0	0	1
	5	3	0	0	1	0	0	1
	1	3	0	0	1	0	0	1
	0	5	0	0	1	0	0	1
	4	4	0	0	1	0	0	1
	4	12	0	0	1	0	0	1
	2	8	0	0	1	0	0	1
	7	6	0	0	0	0	0	1
	8	6	0	0	0	0	0	1
	9	6	0	0	0	0	0	1
	10	6	0	0	0	0	0	1
	11	6	0	0	0	0	0	1
	7	7	0	0	0	0	0	1
	8	7	0	0	0	0	0	1
	9	7	0	0	0	0	0	1
	10	7	0	0	0	0	0	1
	11	7	0	0	0	0	0	1
	7	12	0	0	0	0	0	1
	8	12	0	0	0	0	0	1
	9	12	0	0	0	0	0	1
	10	12	0	0	0	0	0	1
	11	12	0	0	0	0	0	1
	6	5	0	0	1	0	0	1
	6	11	0	0	1	0	0	1
end

500
	5	5	0	0	1	0	0	1
	4	14	0	0	1	0	0	1
	2	5	0	0	1	0	0	1
	0	14	0	0	1	0	0	1
	2	9	0	0	1	0	0	1
	7	1	0	0	0	0	0	1
	10	1	0	0	0	0	0	1
	11	1	0	0	0	0	0	1
	7	14	0	0	0	0	0	1
	10	14	0	0	0	0	0	1
	11	14	0	0	0	0	0	1
	7	3	0	0	0	0	0	1
	8	3	0	0	0	0	0	1
	10	3	0	0	0	0	0	1
	7	26	0	0	0	0	0	1
	10	26	0	0	0	0	0	1
	11	26	0	0	0	0	0	1
	6	13	0	0	1	0	0	1
	6	14	0	0	1	0	0	1
end

100
	12	15	0	0	0	0	0	0
end

50
	14	14	0	0	0	0	0	0
end

30
	14	22	0	0	0	0	0	0
end

20
	14	13	0	0	0	0	0	0
end
end